600000
600004
600006
600008
600009
600010
600011
600012
600015
600016
600018
600019
600020
600021
600022
600026
600027
600028
600029
600030
600031
600033
600035
600036
600037
600050
600057
600058
600060
600062
600073
600078
600085
600088
600089
600091
600096
600098
600100
600104
600108
600110
600115
600121
600123
600125
600126
600132
600138
600143
600151
600153
600166
600170
600171
600177
600183
600188
600196
600198
600207
600210
600215
600220
600231
600236
600256
600266
600267
600269
600271
600276
600282
600299
600307
600308
600320
600331
600333
600339
600348
600350
600361
600362
600377
600383
600406
600408
600410
600415
600418
600428
600456
600460
600498
600500
600508
600519
600521
600535